48
# x y z
0.035	0	0
0.075	0	0
0.115	0	0
0.155	0	0
0.195	0	0
0.235	0	0
0.275	0	0
0.315	0	0
0.355	0	0
0.395	0	0
0.435	0	0
0.475	0	0
0.515	0	0
0.555	0	0
0.595	0	0
0.635	0	0
0.675	0	0
0.715	0	0
0.755	0	0
0.795	0	0
0.835	0	0
0.875	0	0
0.915	0	0
0.955	0	0
0.955	0.5	0
0.915	0.5	0
0.875	0.5	0
0.835	0.5	0
0.795	0.5	0
0.755	0.5	0
0.715	0.5	0
0.675	0.5	0
0.635	0.5	0
0.595	0.5	0
0.555	0.5	0
0.515	0.5	0
0.475	0.5	0
0.435	0.5	0
0.395	0.5	0
0.355	0.5	0
0.315	0.5	0
0.275	0.5	0
0.235	0.5	0
0.195	0.5	0
0.155	0.5	0
0.115	0.5	0
0.075	0.5	0
0.035	0.5	0
588
# a b m n rhoa k u i
1	2	4	3	9.89146996267969e+00	8.26397936257990e-01	1.19693788291259e+01	1.00000000000000e+00
2	3	5	4	9.98020652150611e+00	7.94345439077844e-01	1.25640634798535e+01	1.00000000000000e+00
3	4	6	5	1.00474691451814e+01	7.90858252847649e-01	1.27045132411572e+01	1.00000000000000e+00
4	5	7	6	9.92786701286454e+00	7.83757987984641e-01	1.26670058424452e+01	1.00000000000000e+00
5	6	8	7	9.89605746520163e+00	7.79842492471559e-01	1.26898156496166e+01	1.00000000000000e+00
6	7	9	8	9.99485182401670e+00	7.83859566768610e-01	1.27508194678539e+01	1.00000000000000e+00
7	8	10	9	9.98065032412778e+00	7.74395121970535e-01	1.28883176571811e+01	1.00000000000000e+00
8	9	11	10	1.00001787865621e+01	7.83760433221315e-01	1.27592289208331e+01	1.00000000000000e+00
9	10	12	11	1.00824001966264e+01	7.87005419692910e-01	1.28110937286309e+01	1.00000000000000e+00
10	11	13	12	9.95945706126840e+00	7.75395385599612e-01	1.28443594664505e+01	1.00000000000000e+00
11	12	14	13	9.99651673725226e+00	7.87013476482482e-01	1.27018367994551e+01	1.00000000000000e+00
12	13	15	14	9.78021490099411e+00	7.77083255658138e-01	1.25858005944433e+01	1.00000000000000e+00
13	14	16	15	9.78699174476374e+00	7.85319210956981e-01	1.24624377045831e+01	1.00000000000000e+00
14	15	17	16	9.81620876792841e+00	7.81288567712541e-01	1.25641269738124e+01	1.00000000000000e+00
15	16	18	17	9.92555635692923e+00	7.80532746748849e-01	1.27163868502278e+01	1.00000000000000e+00
16	17	19	18	9.85202171250119e+00	7.79954079309261e-01	1.26315407199694e+01	1.00000000000000e+00
17	18	20	19	9.84009923637675e+00	7.81916852457024e-01	1.25845851837777e+01	1.00000000000000e+00
18	19	21	20	1.01081354555837e+01	7.98211844600158e-01	1.26634746451890e+01	1.00000000000000e+00
19	20	22	21	9.82105078724133e+00	7.87939540207121e-01	1.24642187453364e+01	1.00000000000000e+00
20	21	23	22	9.96765962736360e+00	7.92533007038992e-01	1.25769646675084e+01	1.00000000000000e+00
21	22	24	23	9.96131976193202e+00	8.37740736366639e-01	1.18906952109494e+01	1.00000000000000e+00
23	24	26	25	1.13334294439492e+01	1.15233122961700e+03	9.83521851413860e-03	1.00000000000000e+00
23	24	26	25	1.13334294439492e+01	1.15233122961700e+03	9.83521851413860e-03	1.00000000000000e+00
26	27	29	28	1.00542046037523e+01	8.02103499622740e-01	1.25347970785332e+01	1.00000000000000e+00
25	26	28	27	9.90070986469617e+00	8.25035374108971e-01	1.20003458947307e+01	1.00000000000000e+00
26	27	29	28	1.00542046037523e+01	8.02103499622740e-01	1.25347970785332e+01	1.00000000000000e+00
27	28	30	29	9.95384410743209e+00	7.87828496235232e-01	1.26345316969343e+01	1.00000000000000e+00
28	29	31	30	9.93648220391175e+00	7.81098853787097e-01	1.27211583472892e+01	1.00000000000000e+00
29	30	32	31	9.91924868897139e+00	7.79145374753491e-01	1.27309344448200e+01	1.00000000000000e+00
30	31	33	32	9.76544877277299e+00	7.75553157950643e-01	1.25915917853750e+01	1.00000000000000e+00
31	32	34	33	9.93053133047906e+00	7.79194431581200e-01	1.27446128052112e+01	1.00000000000000e+00
32	33	35	34	1.00487037630819e+01	7.85053260276683e-01	1.28000280637525e+01	1.00000000000000e+00
33	34	36	35	9.97404430784727e+00	7.79630437480003e-01	1.27932977323029e+01	1.00000000000000e+00
34	35	37	36	1.00738626625056e+01	7.78406746926567e-01	1.29416435588217e+01	1.00000000000000e+00
35	36	38	37	9.90318380504805e+00	7.75821065299295e-01	1.27647781788802e+01	1.00000000000000e+00
36	37	39	38	9.89448147913369e+00	7.77414535647138e-01	1.27274202184775e+01	1.00000000000000e+00
37	38	40	39	1.00747800520681e+01	7.81364086886669e-01	1.28938355641746e+01	1.00000000000000e+00
38	39	41	40	9.94727876192970e+00	7.78024923510200e-01	1.27852957679694e+01	1.00000000000000e+00
39	40	42	41	1.01348705171267e+01	7.84900863871702e-01	1.29122937476895e+01	1.00000000000000e+00
40	41	43	42	1.00108641281505e+01	7.86443186413743e-01	1.27292909406476e+01	1.00000000000000e+00
41	42	44	43	1.01540662613706e+01	7.88919647105329e-01	1.28708497736460e+01	1.00000000000000e+00
42	43	45	44	1.00562339555531e+01	7.88360655745091e-01	1.27558800433145e+01	1.00000000000000e+00
43	44	46	45	1.00243001199772e+01	7.91988266077960e-01	1.26571321184075e+01	1.00000000000000e+00
44	45	47	46	1.00383726081264e+01	7.99356265584752e-01	1.25580708381426e+01	1.00000000000000e+00
45	46	48	47	1.01007211515025e+01	8.35122682527934e-01	1.20948949930655e+01	1.00000000000000e+00
1	2	5	4	1.00175176507780e+01	3.59670105815960e+00	2.78519606961828e+00	1.00000000000000e+00
2	3	6	5	9.99811288825795e+00	3.29061691061734e+00	3.03837036028063e+00	1.00000000000000e+00
3	4	7	6	9.89149663684507e+00	3.18942060701224e+00	3.10134593571562e+00	1.00000000000000e+00
4	5	8	7	9.93973959592233e+00	3.17885967053387e+00	3.12682553686083e+00	1.00000000000000e+00
5	6	9	8	9.98161861616943e+00	3.14037267757946e+00	3.17848218698141e+00	1.00000000000000e+00
6	7	10	9	9.96529379694349e+00	3.14076676232705e+00	3.17288565215203e+00	1.00000000000000e+00
7	8	11	10	9.85438131556756e+00	3.13085150105886e+00	3.14750837343604e+00	1.00000000000000e+00
8	9	12	11	9.96489878900153e+00	3.15919157841245e+00	3.15425593594709e+00	1.00000000000000e+00
9	10	13	12	9.83280892213329e+00	3.11909655865470e+00	3.15245416011561e+00	1.00000000000000e+00
10	11	14	13	9.76463239668359e+00	3.12320986411310e+00	3.12647334682277e+00	1.00000000000000e+00
11	12	15	14	9.73902839621337e+00	3.15969418232110e+00	3.08226930653748e+00	1.00000000000000e+00
12	13	16	15	9.76491049984067e+00	3.13874914883763e+00	3.11108344018409e+00	1.00000000000000e+00
13	14	17	16	9.76335568140905e+00	3.12625386522463e+00	3.12302074697556e+00	1.00000000000000e+00
14	15	18	17	1.00672398286117e+01	3.15350992411607e+00	3.19239199205424e+00	1.00000000000000e+00
15	16	19	18	1.01394596378822e+01	3.14432138567035e+00	3.22468933490415e+00	1.00000000000000e+00
16	17	20	19	1.00372771142021e+01	3.14973433564487e+00	3.18670593916840e+00	1.00000000000000e+00
17	18	21	20	1.01676116635131e+01	3.17938144948349e+00	3.19798420701137e+00	1.00000000000000e+00
18	19	22	21	1.01467170603525e+01	3.26600532655565e+00	3.10676684384140e+00	1.00000000000000e+00
19	20	23	22	9.83450752254046e+00	3.28337764589495e+00	2.99524105453909e+00	1.00000000000000e+00
20	21	24	23	9.81798600357261e+00	3.60639438542089e+00	2.72238278854430e+00	1.00000000000000e+00
21	22	25	24	9.72614594028397e+00	1.18486690371184e+00	8.20864006734834e+00	1.00000000000000e+00
22	23	26	25	1.21435987079320e+01	7.41156839091512e+02	1.63846544583158e-02	1.00000000000000e+00
23	24	27	26	1.17412473045169e+01	7.38358854854036e+02	1.59018168839297e-02	1.00000000000000e+00
24	25	28	27	9.96474173732372e+00	1.19448131096316e+00	8.34231699220874e+00	1.00000000000000e+00
25	26	29	28	9.96052239610155e+00	3.58484483962273e+00	2.77850865008422e+00	1.00000000000000e+00
26	27	30	29	9.94611229148645e+00	3.30630684033356e+00	3.00822421263328e+00	1.00000000000000e+00
27	28	31	30	9.92325604108672e+00	3.21428881707720e+00	3.08723223263741e+00	1.00000000000000e+00
28	29	32	31	9.92598691446962e+00	3.17411529549196e+00	3.12716646700484e+00	1.00000000000000e+00
29	30	33	32	9.80649846048323e+00	3.14119495141021e+00	3.12190061813282e+00	1.00000000000000e+00
30	31	34	33	9.87046116686622e+00	3.11179001792850e+00	3.17195604780458e+00	1.00000000000000e+00
31	32	35	34	9.87754090708426e+00	3.13294717627910e+00	3.15279522804323e+00	1.00000000000000e+00
32	33	36	35	9.86993215910686e+00	3.11805876256239e+00	3.16540928529386e+00	1.00000000000000e+00
33	34	37	36	9.98910267194186e+00	3.12781025896021e+00	3.19364086850414e+00	1.00000000000000e+00
34	35	38	37	9.80226292246799e+00	3.10538872440369e+00	3.15653330143081e+00	1.00000000000000e+00
35	36	39	38	1.00155826006291e+01	3.14385466374443e+00	3.18576514243194e+00	1.00000000000000e+00
36	37	40	39	9.95893544100499e+00	3.13146759358916e+00	3.18027734388605e+00	1.00000000000000e+00
37	38	41	40	9.85435917754895e+00	3.11376323674579e+00	3.16477472058788e+00	1.00000000000000e+00
38	39	42	41	1.00590022337230e+01	3.14711860767686e+00	3.19625774801933e+00	1.00000000000000e+00
39	40	43	42	1.01028280656119e+01	3.15145389948976e+00	3.20576736573794e+00	1.00000000000000e+00
40	41	44	43	1.00061254744366e+01	3.15696697827918e+00	3.16953757935434e+00	1.00000000000000e+00
41	42	45	44	1.01522506860019e+01	3.19391929291998e+00	3.17861841672287e+00	1.00000000000000e+00
42	43	46	45	9.94812133305300e+00	3.19713664633812e+00	3.11157214517158e+00	1.00000000000000e+00
43	44	47	46	1.00744694973405e+01	3.29438509766006e+00	3.05807281137114e+00	1.00000000000000e+00
44	45	48	47	9.98659782135852e+00	3.57704398857673e+00	2.79185770520314e+00	1.00000000000000e+00
1	2	6	5	1.00707632867608e+01	9.81711986002518e+00	1.02583684729861e+00	1.00000000000000e+00
2	3	7	6	9.87307103037668e+00	8.53143966316484e+00	1.15725732352119e+00	1.00000000000000e+00
3	4	8	7	9.92444288519887e+00	8.24984888730642e+00	1.20298480866347e+00	1.00000000000000e+00
4	5	9	8	9.96434465669438e+00	8.10654153322330e+00	1.22917333068081e+00	1.00000000000000e+00
5	6	10	9	9.98968755612024e+00	7.97703835387280e+00	1.25230531846074e+00	1.00000000000000e+00
6	7	11	10	9.85125032722724e+00	7.96374355156525e+00	1.23701250089740e+00	1.00000000000000e+00
7	8	12	11	9.78155893262960e+00	7.91773068408185e+00	1.23539929847511e+00	1.00000000000000e+00
8	9	13	12	9.72769094525983e+00	7.94108742260205e+00	1.22498222568017e+00	1.00000000000000e+00
9	10	14	13	9.59078680731252e+00	7.87126558468698e+00	1.21845549538701e+00	1.00000000000000e+00
10	11	15	14	9.56093751995147e+00	7.85866703660888e+00	1.21661058744603e+00	1.00000000000000e+00
11	12	16	15	9.82423472106533e+00	7.91907142583682e+00	1.24057912762508e+00	1.00000000000000e+00
12	13	17	16	1.02180289808140e+01	7.92997219174101e+00	1.28853276326189e+00	1.00000000000000e+00
13	14	18	17	1.06613795813014e+01	7.94694510540551e+00	1.34156955155630e+00	1.00000000000000e+00
14	15	19	18	1.10591816535222e+01	7.99421353354262e+00	1.38339833019464e+00	1.00000000000000e+00
15	16	20	19	1.11035251041557e+01	8.01431600454519e+00	1.38546135413908e+00	1.00000000000000e+00
16	17	21	20	1.09850109978975e+01	8.03589675660451e+00	1.36699254988178e+00	1.00000000000000e+00
17	18	22	21	1.08093857748691e+01	8.26631171963824e+00	1.30764313535253e+00	1.00000000000000e+00
18	19	23	22	1.03324843155546e+01	8.61363291797743e+00	1.19955011015036e+00	1.00000000000000e+00
19	20	24	23	9.81645682780122e+00	9.74821538213194e+00	1.00700040397080e+00	1.00000000000000e+00
20	21	25	24	9.99194063080217e+00	2.27091339036043e+00	4.39996552630142e+00	1.00000000000000e+00
21	22	26	25	1.33250977904140e+01	6.03728387166361e+02	2.20713454488304e-02	1.00000000000000e+00
22	23	27	26	1.25796660860709e+01	4.70050331202001e+02	2.67623810707727e-02	1.00000000000000e+00
23	24	28	27	1.21431476914962e+01	5.94748255049660e+02	2.04172901532638e-02	1.00000000000000e+00
24	25	29	28	9.80675180945622e+00	2.28822013204949e+00	4.28575540967407e+00	1.00000000000000e+00
25	26	30	29	9.86367775301424e+00	9.80112567197232e+00	1.00638213233208e+00	1.00000000000000e+00
26	27	31	30	9.86219937619979e+00	8.63853262927678e+00	1.14165215314183e+00	1.00000000000000e+00
27	28	32	31	9.89417143500389e+00	8.26073862974533e+00	1.19773447369184e+00	1.00000000000000e+00
28	29	33	32	9.87607282502398e+00	8.09038752704586e+00	1.22071690534089e+00	1.00000000000000e+00
29	30	34	33	9.80336190313237e+00	7.94265527399237e+00	1.23426757991534e+00	1.00000000000000e+00
30	31	35	34	9.84323391109241e+00	7.89671922362713e+00	1.24649663136575e+00	1.00000000000000e+00
31	32	36	35	9.82843916972030e+00	7.91310584298260e+00	1.24204571058989e+00	1.00000000000000e+00
32	33	37	36	9.81874994981081e+00	7.85837272427998e+00	1.24946350781681e+00	1.00000000000000e+00
33	34	38	37	9.80391137965499e+00	7.88632624707889e+00	1.24315315807362e+00	1.00000000000000e+00
34	35	39	38	9.88938641823676e+00	7.90917480700416e+00	1.25036892717038e+00	1.00000000000000e+00
35	36	40	39	9.93610365521425e+00	7.92903765325457e+00	1.25312857495838e+00	1.00000000000000e+00
36	37	41	40	9.79250851863247e+00	7.85175693777536e+00	1.24717417977116e+00	1.00000000000000e+00
37	38	42	41	9.89243866511315e+00	7.89204354829903e+00	1.25346985284252e+00	1.00000000000000e+00
38	39	43	42	1.00111054430726e+01	7.95169347980576e+00	1.25899036079509e+00	1.00000000000000e+00
39	40	44	43	1.00544920788772e+01	8.01673648027477e+00	1.25418767395140e+00	1.00000000000000e+00
40	41	45	44	1.01098682989135e+01	8.13222246879340e+00	1.24318639064648e+00	1.00000000000000e+00
41	42	46	45	9.99229953010196e+00	8.22177044868575e+00	1.21534645031342e+00	1.00000000000000e+00
42	43	47	46	1.00417685689993e+01	8.60215493322493e+00	1.16735499964247e+00	1.00000000000000e+00
43	44	48	47	1.01225808332445e+01	9.76920476398472e+00	1.03617244983568e+00	1.00000000000000e+00
1	2	7	6	9.96231037065978e+00	2.11919074363776e+01	4.70099749188158e-01	1.00000000000000e+00
2	3	8	7	9.89019714646932e+00	1.80805877408059e+01	5.47006396487225e-01	1.00000000000000e+00
3	4	9	8	9.98455447500922e+00	1.71934714602015e+01	5.80717774076103e-01	1.00000000000000e+00
4	5	10	9	9.98725940131697e+00	1.66569241653076e+01	5.99586052154697e-01	1.00000000000000e+00
5	6	11	10	9.88773276807543e+00	1.63098319555194e+01	6.06243693683755e-01	1.00000000000000e+00
6	7	12	11	9.76643587748329e+00	1.62132377023137e+01	6.02374186871359e-01	1.00000000000000e+00
7	8	13	12	9.59037472379380e+00	1.61197083090160e+01	5.94947162811237e-01	1.00000000000000e+00
8	9	14	13	9.53342175653066e+00	1.61306533689838e+01	5.91012746877422e-01	1.00000000000000e+00
9	10	15	14	9.52413946827354e+00	1.59539480572988e+01	5.96976963574625e-01	1.00000000000000e+00
10	11	16	15	9.85232711924194e+00	1.59517075725821e+01	6.17634637195592e-01	1.00000000000000e+00
11	12	17	16	1.06143570296630e+01	1.61738914209984e+01	6.56264887241820e-01	1.00000000000000e+00
12	13	18	17	1.14688171294155e+01	1.62302682072220e+01	7.06631399000057e-01	1.00000000000000e+00
13	14	19	18	1.22875611426832e+01	1.63045628362049e+01	7.53627145120273e-01	1.00000000000000e+00
14	15	20	19	1.28723837195233e+01	1.64576348366406e+01	7.82152711935544e-01	1.00000000000000e+00
15	16	21	20	1.27837046186337e+01	1.64823675462332e+01	7.75598807803264e-01	1.00000000000000e+00
16	17	22	21	1.22650846486716e+01	1.69377633610221e+01	7.24126579598850e-01	1.00000000000000e+00
17	18	23	22	1.14092022574877e+01	1.79148606945984e+01	6.36856878319336e-01	1.00000000000000e+00
18	19	24	23	1.05163935309103e+01	2.11484358718018e+01	4.97265783373242e-01	1.00000000000000e+00
19	20	25	24	1.08158996994780e+01	3.74888821298045e+00	2.88509528292366e+00	1.00000000000000e+00
20	21	26	25	1.43657747640193e+01	5.60142721468440e+02	2.56466329266205e-02	1.00000000000000e+00
21	22	27	26	1.37541514688718e+01	3.77908987656780e+02	3.63954071432759e-02	1.00000000000000e+00
22	23	28	27	1.29969628493707e+01	3.73709570693939e+02	3.47782445743541e-02	1.00000000000000e+00
23	24	29	28	1.26998190432477e+01	5.46451351933587e+02	2.32405300093230e-02	1.00000000000000e+00
24	25	30	29	9.78035216723431e+00	3.78077026675872e+00	2.58686761616412e+00	1.00000000000000e+00
25	26	31	30	9.79151097012728e+00	2.13484662678906e+01	4.58651729227702e-01	1.00000000000000e+00
26	27	32	31	9.85565484803654e+00	1.81628847986582e+01	5.42626072746143e-01	1.00000000000000e+00
27	28	33	32	9.91149308900660e+00	1.70857788850492e+01	5.80101917254681e-01	1.00000000000000e+00
28	29	34	33	9.90454276548117e+00	1.65498235485339e+01	5.98468179218658e-01	1.00000000000000e+00
29	30	35	34	9.82629164712078e+00	1.62635858894876e+01	6.04189734901714e-01	1.00000000000000e+00
30	31	36	35	9.86876846299039e+00	1.61600942077873e+01	6.10687557640275e-01	1.00000000000000e+00
31	32	37	36	9.80435809409376e+00	1.60569032142423e+01	6.10600809089850e-01	1.00000000000000e+00
32	33	38	37	9.71248921650361e+00	1.60002110273670e+01	6.07022569883060e-01	1.00000000000000e+00
33	34	39	38	9.86222040302320e+00	1.61374590430046e+01	6.11138369227858e-01	1.00000000000000e+00
34	35	40	39	9.76930518734994e+00	1.60683412961289e+01	6.07984670434123e-01	1.00000000000000e+00
35	36	41	40	9.72533434258814e+00	1.60109635635655e+01	6.07417180357531e-01	1.00000000000000e+00
36	37	42	41	9.80899875035083e+00	1.60653095828308e+01	6.10570166717100e-01	1.00000000000000e+00
37	38	43	42	9.88274098840240e+00	1.61474964309799e+01	6.12029303158215e-01	1.00000000000000e+00
38	39	44	43	9.98066508913079e+00	1.63609725249444e+01	6.10028839906306e-01	1.00000000000000e+00
39	40	45	44	1.01101736367669e+01	1.66860826480439e+01	6.05904564301801e-01	1.00000000000000e+00
40	41	46	45	9.96255779638324e+00	1.70428511099522e+01	5.84559339990102e-01	1.00000000000000e+00
41	42	47	46	1.00255787425011e+01	1.80851219545867e+01	5.54355053157849e-01	1.00000000000000e+00
42	43	48	47	1.01612399500235e+01	2.13509930993027e+01	4.75914160187489e-01	1.00000000000000e+00
1	3	7	5	9.98242311311037e+00	1.75389798331579e+00	5.69156428028859e+00	1.00000000000000e+00
2	4	8	6	9.89439806254543e+00	1.64670758214567e+00	6.00859446438751e+00	1.00000000000000e+00
3	5	9	7	9.94587513116454e+00	1.61992813684923e+00	6.13970145028121e+00	1.00000000000000e+00
4	6	10	8	9.98037384769555e+00	1.59442432908138e+00	6.25954688827766e+00	1.00000000000000e+00
5	7	11	9	9.93989430393797e+00	1.58570281315125e+00	6.26844716519392e+00	1.00000000000000e+00
6	8	12	10	9.83065924277983e+00	1.57990906159662e+00	6.22229435967991e+00	1.00000000000000e+00
7	9	13	11	9.84400367103904e+00	1.58529181399900e+00	6.20958462291361e+00	1.00000000000000e+00
8	10	14	12	9.73440150552528e+00	1.57338800106530e+00	6.18690462806021e+00	1.00000000000000e+00
9	11	15	13	9.66562987648262e+00	1.56947375947676e+00	6.15851639323044e+00	1.00000000000000e+00
10	12	16	14	9.73144270932462e+00	1.58052536612130e+00	6.15709365880418e+00	1.00000000000000e+00
11	13	17	15	9.95003930149708e+00	1.58025921811719e+00	6.29646021831288e+00	1.00000000000000e+00
12	14	18	16	1.01981636923197e+01	1.57872311621369e+00	6.45975446079380e+00	1.00000000000000e+00
13	15	19	17	1.05995604145672e+01	1.58890436819866e+00	6.67098701892544e+00	1.00000000000000e+00
14	16	20	18	1.07779568521603e+01	1.59067758289498e+00	6.77570173117341e+00	1.00000000000000e+00
15	17	21	19	1.07029201421225e+01	1.59393966312407e+00	6.71475865099252e+00	1.00000000000000e+00
16	18	22	20	1.06574328424812e+01	1.61555895591380e+00	6.59674647184453e+00	1.00000000000000e+00
17	19	23	21	1.04341667047016e+01	1.66924847722771e+00	6.25081696766363e+00	1.00000000000000e+00
18	20	24	22	9.98910804893849e+00	1.75276496302924e+00	5.69905735203350e+00	1.00000000000000e+00
19	21	25	23	1.01332063064195e+01	9.19992539325503e-01	1.10144440017402e+01	1.00000000000000e+00
20	22	26	24	9.82809524411616e+00	7.76536344712267e-01	1.26563235720252e+01	1.00000000000000e+00
21	23	27	25	1.30622622001339e+01	1.28548127588300e+02	1.01613788121195e-01	1.00000000000000e+00
22	24	28	26	1.24836291738055e+01	1.27566557067255e+02	9.78597326823202e-02	1.00000000000000e+00
23	25	29	27	9.91748787638942e+00	7.82646702747480e-01	1.26717302220454e+01	1.00000000000000e+00
24	26	30	28	9.84529239227577e+00	9.23788846949497e-01	1.06575138082545e+01	1.00000000000000e+00
25	27	31	29	9.90138111439018e+00	1.76340862338058e+00	5.61491022733489e+00	1.00000000000000e+00
26	28	32	30	9.89952285613101e+00	1.65842128586503e+00	5.96924493221723e+00	1.00000000000000e+00
27	29	33	31	9.90840578885316e+00	1.61750882699993e+00	6.12571976329225e+00	1.00000000000000e+00
28	30	34	32	9.82898672819921e+00	1.59164768044633e+00	6.17535328260771e+00	1.00000000000000e+00
29	31	35	33	9.84746442180686e+00	1.57385425573803e+00	6.25690999398738e+00	1.00000000000000e+00
30	32	36	34	9.86004708419849e+00	1.57709652199075e+00	6.25202512763915e+00	1.00000000000000e+00
31	33	37	35	9.84504980408278e+00	1.57080486118193e+00	6.26751931279040e+00	1.00000000000000e+00
32	34	38	36	9.89095420297370e+00	1.57166915171163e+00	6.29328010427763e+00	1.00000000000000e+00
33	35	39	37	9.82570822223751e+00	1.56930269295283e+00	6.26119375590266e+00	1.00000000000000e+00
34	36	40	38	9.95031425630481e+00	1.58010536327697e+00	6.29724731499482e+00	1.00000000000000e+00
35	37	41	39	9.89807089787371e+00	1.57412137104012e+00	6.28799727897312e+00	1.00000000000000e+00
36	38	42	40	9.84514188163287e+00	1.56869969135645e+00	6.27598891991865e+00	1.00000000000000e+00
37	39	43	41	9.99881958243387e+00	1.58190466467358e+00	6.32074726481515e+00	1.00000000000000e+00
38	40	44	42	1.00630287839338e+01	1.58999363905019e+00	6.32897424039074e+00	1.00000000000000e+00
39	41	45	43	1.00462055106184e+01	1.60154628751902e+00	6.27281620825403e+00	1.00000000000000e+00
40	42	46	44	1.00941738784228e+01	1.62241134812641e+00	6.22171059767287e+00	1.00000000000000e+00
41	43	47	45	9.98202291899163e+00	1.65029521556450e+00	6.04862864828532e+00	1.00000000000000e+00
42	44	48	46	1.00835861177137e+01	1.75748335912532e+00	5.73751442103678e+00	1.00000000000000e+00
1	3	9	7	9.92859899764338e+00	8.07670725393689e+00	1.22928796172522e+00	1.00000000000000e+00
2	4	10	8	9.97639520665691e+00	7.28703508433253e+00	1.36906095431139e+00	1.00000000000000e+00
3	5	11	9	9.96390423814145e+00	6.93428006209443e+00	1.43690536709184e+00	1.00000000000000e+00
4	6	12	10	9.84641162026820e+00	6.72345701572670e+00	1.46448643863368e+00	1.00000000000000e+00
5	7	13	11	9.69837622207456e+00	6.63559947062225e+00	1.46156745370364e+00	1.00000000000000e+00
6	8	14	12	9.54687522399543e+00	6.59058386599621e+00	1.44856289186335e+00	1.00000000000000e+00
7	9	15	13	9.54186766997288e+00	6.56222426192558e+00	1.45405997861660e+00	1.00000000000000e+00
8	10	16	14	9.72653636045742e+00	6.51791850290932e+00	1.49227646159060e+00	1.00000000000000e+00
9	11	17	15	1.02681125348761e+01	6.52476042773799e+00	1.57371487407022e+00	1.00000000000000e+00
10	12	18	16	1.12140880927181e+01	6.59592019122147e+00	1.70015521225423e+00	1.00000000000000e+00
11	13	19	17	1.23583665929332e+01	6.64514263181541e+00	1.85975941791892e+00	1.00000000000000e+00
12	14	20	18	1.35048568955186e+01	6.69149801660687e+00	2.01821129767989e+00	1.00000000000000e+00
13	15	21	19	1.43328215438839e+01	6.75517697864795e+00	2.12175366969476e+00	1.00000000000000e+00
14	16	22	20	1.43219765786576e+01	6.85615860759346e+00	2.08892142063275e+00	1.00000000000000e+00
15	17	23	21	1.34634977761913e+01	7.15875390563310e+00	1.88070409371066e+00	1.00000000000000e+00
16	18	24	22	1.22091769623566e+01	7.95950941589201e+00	1.53391073801353e+00	1.00000000000000e+00
17	19	25	23	1.25859029493283e+01	2.73210184489892e+00	4.60667415192714e+00	1.00000000000000e+00
18	20	26	24	1.13995679865275e+01	2.24865962352762e+00	5.06949467462946e+00	1.00000000000000e+00
19	21	27	25	1.49001059958826e+01	1.07048399255326e+02	1.39190367156670e-01	1.00000000000000e+00
20	22	28	26	1.44238262131308e+01	7.86722739827962e+01	1.83340654628656e-01	1.00000000000000e+00
21	23	29	27	1.39040207148313e+01	7.79269275478857e+01	1.78423827967392e-01	1.00000000000000e+00
22	24	30	28	1.36211689451068e+01	1.04456651827979e+02	1.30400206274449e-01	1.00000000000000e+00
23	25	31	29	9.87964529882259e+00	2.26595236090842e+00	4.36004104466778e+00	1.00000000000000e+00
24	26	32	30	1.00739834242824e+01	2.75275706306497e+00	3.65959770277216e+00	1.00000000000000e+00
25	27	33	31	9.89266555681699e+00	8.09207780700703e+00	1.22251241186174e+00	1.00000000000000e+00
26	28	34	32	9.97699043699828e+00	7.23907869661506e+00	1.37821273329484e+00	1.00000000000000e+00
27	29	35	33	1.00045733190596e+01	6.88468382224603e+00	1.45316380205180e+00	1.00000000000000e+00
28	30	36	34	9.96056487187282e+00	6.71928719952268e+00	1.48238415416748e+00	1.00000000000000e+00
29	31	37	35	9.93921986542441e+00	6.62666603633793e+00	1.49988241612325e+00	1.00000000000000e+00
30	32	38	36	9.86274735036683e+00	6.56826838999395e+00	1.50157496082098e+00	1.00000000000000e+00
31	33	39	37	9.78828194978006e+00	6.55038643770627e+00	1.49430602955504e+00	1.00000000000000e+00
32	34	40	38	9.80925103583687e+00	6.56984935990326e+00	1.49307092118491e+00	1.00000000000000e+00
33	35	41	39	9.69657585252964e+00	6.54397848824107e+00	1.48175545961123e+00	1.00000000000000e+00
34	36	42	40	9.66304377789835e+00	6.53347385786697e+00	1.47900550122552e+00	1.00000000000000e+00
35	37	43	41	9.75481803161889e+00	6.56915444230334e+00	1.48494271481895e+00	1.00000000000000e+00
36	38	44	42	9.84868562987929e+00	6.62508331131122e+00	1.48657536322061e+00	1.00000000000000e+00
37	39	45	43	9.96798782879080e+00	6.74040528878420e+00	1.47884101945282e+00	1.00000000000000e+00
38	40	46	44	1.00307510808637e+01	6.91591732212471e+00	1.45038620527956e+00	1.00000000000000e+00
39	41	47	45	9.96886367714230e+00	7.22448785739345e+00	1.37987133121697e+00	1.00000000000000e+00
40	42	48	46	1.00486210676227e+01	8.06614711797573e+00	1.24577706315682e+00	1.00000000000000e+00
1	3	11	9	9.92219478755514e+00	2.33882557115908e+01	4.24238340383711e-01	1.00000000000000e+00
2	4	12	10	9.84341890819014e+00	2.02660561120328e+01	4.85709644430803e-01	1.00000000000000e+00
3	5	13	11	9.71016309083556e+00	1.89161309189751e+01	5.13327124475286e-01	1.00000000000000e+00
4	6	14	12	9.57763068080897e+00	1.82079309701111e+01	5.26014224050551e-01	1.00000000000000e+00
5	7	15	13	9.61634863599335e+00	1.78402773252028e+01	5.39024616080852e-01	1.00000000000000e+00
6	8	16	14	9.92299909144161e+00	1.76153347465613e+01	5.63315953639694e-01	1.00000000000000e+00
7	9	17	15	1.06265846930148e+01	1.75889643211737e+01	6.04162047234495e-01	1.00000000000000e+00
8	10	18	16	1.16915714552812e+01	1.76492427749595e+01	6.62440400665179e-01	1.00000000000000e+00
9	11	19	17	1.30914516803310e+01	1.77721258773057e+01	7.36628345461373e-01	1.00000000000000e+00
10	12	20	18	1.49151036004374e+01	1.80445540540821e+01	8.26570917504232e-01	1.00000000000000e+00
11	13	21	19	1.68632646068427e+01	1.83372392844197e+01	9.19618506651140e-01	1.00000000000000e+00
12	14	22	20	1.83071285338009e+01	1.88291342287888e+01	9.72276702229369e-01	1.00000000000000e+00
13	15	23	21	1.84984515337945e+01	2.00561132357072e+01	9.22334817139969e-01	1.00000000000000e+00
14	16	24	22	1.70585410613103e+01	2.30172471228565e+01	7.41119951063604e-01	1.00000000000000e+00
15	17	25	23	1.72230421662787e+01	5.99623122772496e+00	2.87231120885465e+00	1.00000000000000e+00
16	18	26	24	1.51165446903993e+01	4.86865184492598e+00	3.10487280090760e+00	1.00000000000000e+00
17	19	27	25	1.64466744385636e+01	1.22116712983413e+02	1.34679963428082e-01	1.00000000000000e+00
18	20	28	26	1.55601095781354e+01	7.57726376555393e+01	2.05352618828862e-01	1.00000000000000e+00
19	21	29	27	1.52207874264626e+01	6.02108658557781e+01	2.52791372622355e-01	1.00000000000000e+00
20	22	30	28	1.52023148344636e+01	5.97540266828557e+01	2.54414901863432e-01	1.00000000000000e+00
21	23	31	29	1.53051865428576e+01	7.42119657679287e+01	2.06236102015126e-01	1.00000000000000e+00
22	24	32	30	1.56907346084111e+01	1.18601260432984e+02	1.32298211259545e-01	1.00000000000000e+00
23	25	33	31	1.08084127822844e+01	4.88751264839716e+00	2.21143423246771e+00	1.00000000000000e+00
24	26	34	32	1.13604490293974e+01	6.01217743500544e+00	1.88957314587092e+00	1.00000000000000e+00
25	27	35	33	1.03501038654984e+01	2.32975620834109e+01	4.44256949651751e-01	1.00000000000000e+00
26	28	36	34	1.04921495798407e+01	2.01779591211003e+01	5.19980713454265e-01	1.00000000000000e+00
27	29	37	35	1.05238615754632e+01	1.89192108984177e+01	5.56252669943194e-01	1.00000000000000e+00
28	30	38	36	1.04068981631033e+01	1.82681899292949e+01	5.69673197146628e-01	1.00000000000000e+00
29	31	39	37	1.02812385847541e+01	1.79471556968296e+01	5.72861725748014e-01	1.00000000000000e+00
30	32	40	38	1.01183515033302e+01	1.77816021724231e+01	5.69034860032041e-01	1.00000000000000e+00
31	33	41	39	9.82823761317880e+00	1.76168700252367e+01	5.57887842681449e-01	1.00000000000000e+00
32	34	42	40	9.62649460909203e+00	1.75643174456964e+01	5.48071090086719e-01	1.00000000000000e+00
33	35	43	41	9.55199839813454e+00	1.76283421417224e+01	5.41854606708991e-01	1.00000000000000e+00
34	36	44	42	9.59957644497110e+00	1.78126252520995e+01	5.38919800372470e-01	1.00000000000000e+00
35	37	45	43	9.75604385367686e+00	1.82196590134364e+01	5.35467971518133e-01	1.00000000000000e+00
36	38	46	44	9.86848699946932e+00	1.88713574295212e+01	5.22934666270041e-01	1.00000000000000e+00
37	39	47	45	9.88168415915081e+00	2.01026204332314e+01	4.91561992724864e-01	1.00000000000000e+00
38	40	48	46	9.97940696927985e+00	2.32426134956507e+01	4.29358211852864e-01	1.00000000000000e+00
1	3	13	11	9.67074587432468e+00	5.43131389974742e+01	1.78055366580348e-01	1.00000000000000e+00
2	4	14	12	9.62919981269969e+00	4.61233883191087e+01	2.08770434341884e-01	1.00000000000000e+00
3	5	15	13	9.78573317028792e+00	4.24921061287826e+01	2.30295319809046e-01	1.00000000000000e+00
4	6	16	14	1.01965962644313e+01	4.04930027660463e+01	2.51811314743524e-01	1.00000000000000e+00
5	7	17	15	1.09468433841682e+01	3.96355410953449e+01	2.76187559994076e-01	1.00000000000000e+00
6	8	18	16	1.20067423825755e+01	3.93175797202163e+01	3.05378471106700e-01	1.00000000000000e+00
7	9	19	17	1.33962361759875e+01	3.93891346240378e+01	3.40099783959514e-01	1.00000000000000e+00
8	10	20	18	1.51801684864599e+01	3.98622635300417e+01	3.80815516786186e-01	1.00000000000000e+00
9	11	21	19	1.72433951411821e+01	4.06782814389076e+01	4.23896844488846e-01	1.00000000000000e+00
10	12	22	20	1.92998846641194e+01	4.23423597317413e+01	4.55805599555462e-01	1.00000000000000e+00
11	13	23	21	2.07080755401187e+01	4.58392441656729e+01	4.51754297371817e-01	1.00000000000000e+00
12	14	24	22	2.09082174014026e+01	5.40188045350139e+01	3.87054426349815e-01	1.00000000000000e+00
13	15	25	23	2.20613891718396e+01	1.18007202949172e+01	1.86949513423700e+00	1.00000000000000e+00
14	16	26	24	2.03433276481726e+01	9.52383955483903e+00	2.13604266756428e+00	1.00000000000000e+00
15	17	27	25	1.96232999401167e+01	1.67546470130513e+02	1.17121536042096e-01	1.00000000000000e+00
16	18	28	26	1.73370294305364e+01	9.25201716792553e+01	1.87386481411207e-01	1.00000000000000e+00
17	19	29	27	1.58939479045138e+01	6.32343260640871e+01	2.51350000763913e-01	1.00000000000000e+00
18	20	30	28	1.54013535353309e+01	5.21127123920188e+01	2.95539280693623e-01	1.00000000000000e+00
19	21	31	29	1.57103605012897e+01	5.17285500022782e+01	3.03707730075515e-01	1.00000000000000e+00
20	22	32	30	1.65564857655075e+01	6.20867034574647e+01	2.66667174185697e-01	1.00000000000000e+00
21	23	33	31	1.76860935250756e+01	9.04177956556982e+01	1.95604121918902e-01	1.00000000000000e+00
22	24	34	32	1.90820633328038e+01	1.63641903684584e+02	1.16608661370647e-01	1.00000000000000e+00
23	25	35	33	1.27014010765000e+01	9.46180780545602e+00	1.34238628998318e+00	1.00000000000000e+00
24	26	36	34	1.33524229202521e+01	1.17175362360105e+01	1.13952478160189e+00	1.00000000000000e+00
25	27	37	35	1.12232520088273e+01	5.43984513246567e+01	2.06315653029266e-01	1.00000000000000e+00
26	28	38	36	1.13132184138141e+01	4.60169963598148e+01	2.45848693064495e-01	1.00000000000000e+00
27	29	39	37	1.12678173144186e+01	4.27425602462984e+01	2.63620551728517e-01	1.00000000000000e+00
28	30	40	38	1.10370800274607e+01	4.11352080037233e+01	2.68312245472582e-01	1.00000000000000e+00
29	31	41	39	1.06337751497068e+01	4.00606830751057e+01	2.65441683302570e-01	1.00000000000000e+00
30	32	42	40	1.02118224670500e+01	3.94520244155014e+01	2.58841532680326e-01	1.00000000000000e+00
31	33	43	41	9.85785690226002e+00	3.92998048822027e+01	2.50837298857030e-01	1.00000000000000e+00
32	34	44	42	9.64031872595772e+00	3.95980454926311e+01	2.43454408065462e-01	1.00000000000000e+00
33	35	45	43	9.58875785421552e+00	4.04927693532130e+01	2.36801730466348e-01	1.00000000000000e+00
34	36	46	44	9.63206454642227e+00	4.22307736997041e+01	2.28081650005142e-01	1.00000000000000e+00
35	37	47	45	9.69696982101504e+00	4.56808821834422e+01	2.12276325620740e-01	1.00000000000000e+00
36	38	48	46	9.84332554512477e+00	5.40702624519156e+01	1.82046934835547e-01	1.00000000000000e+00
1	4	10	7	9.94643538724127e+00	2.76844445789246e+00	3.59278849134406e+00	1.00000000000000e+00
2	5	11	8	9.96072950099021e+00	2.60467898798963e+00	3.82416779454201e+00	1.00000000000000e+00
3	6	12	9	9.92863048647828e+00	2.51801787017744e+00	3.94303416352586e+00	1.00000000000000e+00
4	7	13	10	9.79100506783296e+00	2.47750561206899e+00	3.95196080288851e+00	1.00000000000000e+00
5	8	14	11	9.67308432110878e+00	2.45374174590839e+00	3.94217701892982e+00	1.00000000000000e+00
6	9	15	12	9.61313054986964e+00	2.44611807985130e+00	3.92995359833733e+00	1.00000000000000e+00
7	10	16	13	9.64599938581108e+00	2.42976046722291e+00	3.96993840172071e+00	1.00000000000000e+00
8	11	17	14	9.90448798505984e+00	2.42484912911859e+00	4.08457906354777e+00	1.00000000000000e+00
9	12	18	15	1.05061709632520e+01	2.43986845090001e+00	4.30603992579049e+00	1.00000000000000e+00
10	13	19	16	1.13554338262709e+01	2.45615074245030e+00	4.62326421176515e+00	1.00000000000000e+00
11	14	20	17	1.22963037949512e+01	2.47104828332261e+00	4.97614873733563e+00	1.00000000000000e+00
12	15	21	18	1.31084680606012e+01	2.49004806040078e+00	5.26434339524009e+00	1.00000000000000e+00
13	16	22	19	1.33983739254065e+01	2.51616462416120e+00	5.32491944157791e+00	1.00000000000000e+00
14	17	23	20	1.30422360346057e+01	2.57308907447123e+00	5.06870755622242e+00	1.00000000000000e+00
15	18	24	21	1.22436377901421e+01	2.74131049257431e+00	4.46634477316879e+00	1.00000000000000e+00
16	19	25	22	1.26363476051825e+01	1.50068350659236e+00	8.42039480654794e+00	1.00000000000000e+00
17	20	26	23	1.15862499081761e+01	1.35106619448276e+00	8.57563452885578e+00	1.00000000000000e+00
18	21	27	24	1.07502942251783e+01	1.11686787041980e+00	9.62539482950438e+00	1.00000000000000e+00
19	22	28	25	1.46389986264000e+01	4.05139053898379e+01	3.61332695170678e-01	1.00000000000000e+00
20	23	29	26	1.42103063691109e+01	3.48995076636361e+01	4.07177846348745e-01	1.00000000000000e+00
21	24	30	27	1.39326615723818e+01	3.99063417808647e+01	3.49134021075882e-01	1.00000000000000e+00
22	25	31	28	9.89386146984248e+00	1.12499555643915e+00	8.79457826585435e+00	1.00000000000000e+00
23	26	32	29	9.96969621160813e+00	1.36100044825314e+00	7.32527033654132e+00	1.00000000000000e+00
24	27	33	30	1.01495205547072e+01	1.51191803428160e+00	6.71300978265656e+00	1.00000000000000e+00
25	28	34	31	9.93064893175171e+00	2.76478599570006e+00	3.59183276651299e+00	1.00000000000000e+00
26	29	35	32	9.96618892676507e+00	2.59214934593216e+00	3.84475876839617e+00	1.00000000000000e+00
27	30	36	33	9.94102425845372e+00	2.50797008919004e+00	3.96377305347538e+00	1.00000000000000e+00
28	31	37	34	9.93490321791582e+00	2.46846358574942e+00	4.02473152744509e+00	1.00000000000000e+00
29	32	38	35	9.89106976089722e+00	2.45053360146987e+00	4.03629224058156e+00	1.00000000000000e+00
30	33	39	36	9.84082408370737e+00	2.43471732186482e+00	4.04187541417334e+00	1.00000000000000e+00
31	34	40	37	9.80589904930599e+00	2.43677233708451e+00	4.02413426156926e+00	1.00000000000000e+00
32	35	41	38	9.79278733453808e+00	2.43700249291057e+00	4.01837395038621e+00	1.00000000000000e+00
33	36	42	39	9.76377346496536e+00	2.43601021331159e+00	4.00810038135768e+00	1.00000000000000e+00
34	37	43	40	9.72925134385935e+00	2.43101207723032e+00	4.00214027523220e+00	1.00000000000000e+00
35	38	44	41	9.82684166720705e+00	2.44763074746961e+00	4.01483829918633e+00	1.00000000000000e+00
36	39	45	42	9.93916238364114e+00	2.47665448790836e+00	4.01314048130920e+00	1.00000000000000e+00
37	40	46	43	1.00089242302631e+01	2.52093062187547e+00	3.97032910918307e+00	1.00000000000000e+00
38	41	47	44	1.00362211572878e+01	2.59858413436349e+00	3.86218826805318e+00	1.00000000000000e+00
39	42	48	45	1.00046715192165e+01	2.75602168482793e+00	3.63011349812405e+00	1.00000000000000e+00
1	4	13	10	9.79280464302011e+00	1.34886178985941e+01	7.26005044893503e-01	1.00000000000000e+00
2	5	14	11	9.68667780180811e+00	1.21608067126663e+01	7.96548948658053e-01	1.00000000000000e+00
3	6	15	12	9.66209735195792e+00	1.15258736288729e+01	8.38296311678611e-01	1.00000000000000e+00
4	7	16	13	9.83430572067418e+00	1.11947366028978e+01	8.78475847134136e-01	1.00000000000000e+00
5	8	17	14	1.02937479824657e+01	1.10107491067148e+01	9.34881712651881e-01	1.00000000000000e+00
6	9	18	15	1.11158546489405e+01	1.09692220290494e+01	1.01336764079557e+00	1.00000000000000e+00
7	10	19	16	1.22961248696166e+01	1.10001203265691e+01	1.11781730604503e+00	1.00000000000000e+00
8	11	20	17	1.38261495745888e+01	1.10971113921147e+01	1.24592329355307e+00	1.00000000000000e+00
9	12	21	18	1.57090010047664e+01	1.12833664725131e+01	1.39222642843644e+00	1.00000000000000e+00
10	13	22	19	1.76256326184999e+01	1.15736642718465e+01	1.52290857972916e+00	1.00000000000000e+00
11	14	23	20	1.89646244814829e+01	1.21047921501421e+01	1.56670385135528e+00	1.00000000000000e+00
12	15	24	21	1.91496510381402e+01	1.33677294982929e+01	1.43252831683837e+00	1.00000000000000e+00
13	16	25	22	2.00444315752115e+01	5.27304731230361e+00	3.80129939825151e+00	1.00000000000000e+00
14	17	26	23	1.82312114416221e+01	4.57088862176764e+00	3.98854860623836e+00	1.00000000000000e+00
15	18	27	24	1.61186020191782e+01	3.67062923444606e+00	4.39123675796982e+00	1.00000000000000e+00
16	19	28	25	1.68501883118432e+01	4.65386037488869e+01	3.62069055676089e-01	1.00000000000000e+00
17	20	29	26	1.57810789516946e+01	3.09491086228797e+01	5.09904150842914e-01	1.00000000000000e+00
18	21	30	27	1.53862032525435e+01	2.52885461654090e+01	6.08425773150598e-01	1.00000000000000e+00
19	22	31	28	1.55039895896225e+01	2.51213475161374e+01	6.17163931180965e-01	1.00000000000000e+00
20	23	32	29	1.59720322040543e+01	3.03754452949013e+01	5.25820512225885e-01	1.00000000000000e+00
21	24	33	30	1.67739351186748e+01	4.54329447008591e+01	3.69202023534204e-01	1.00000000000000e+00
22	25	34	31	1.13012439038438e+01	3.67566569256414e+00	3.07461147152370e+00	1.00000000000000e+00
23	26	35	32	1.18252470464474e+01	4.57104079270406e+00	2.58699223715569e+00	1.00000000000000e+00
24	27	36	33	1.22637476041061e+01	5.26476115655044e+00	2.32940246279691e+00	1.00000000000000e+00
25	28	37	34	1.07009239911792e+01	1.34454970019480e+01	7.95874186698259e-01	1.00000000000000e+00
26	29	38	35	1.07610932740201e+01	1.21683362885682e+01	8.84352060858955e-01	1.00000000000000e+00
27	30	39	36	1.06774957484944e+01	1.15773724760717e+01	9.22272801584541e-01	1.00000000000000e+00
28	31	40	37	1.05162045118872e+01	1.12841633989238e+01	9.31943657683136e-01	1.00000000000000e+00
29	32	41	38	1.02772238523299e+01	1.11153163455750e+01	9.24600212248687e-01	1.00000000000000e+00
30	33	42	39	9.96365237643266e+00	1.09963889755439e+01	9.06084024363991e-01	1.00000000000000e+00
31	34	43	40	9.71082064623664e+00	1.09577262606498e+01	8.86207632427272e-01	1.00000000000000e+00
32	35	44	41	9.59024714190141e+00	1.10123706920587e+01	8.70861271389747e-01	1.00000000000000e+00
33	36	45	42	9.60813500731211e+00	1.11798172828247e+01	8.59417892461705e-01	1.00000000000000e+00
34	37	46	43	9.70390771177916e+00	1.15061729848703e+01	8.43365359145827e-01	1.00000000000000e+00
35	38	47	44	9.81732896079335e+00	1.21127411415429e+01	8.10496059155675e-01	1.00000000000000e+00
36	39	48	45	9.86914340642089e+00	1.33937868269257e+01	7.36844891885303e-01	1.00000000000000e+00
1	4	16	13	1.00935018889052e+01	4.25237433710722e+01	2.37361555891891e-01	1.00000000000000e+00
2	5	17	14	1.07255797072298e+01	3.75316756580864e+01	2.85774070013284e-01	1.00000000000000e+00
3	6	18	15	1.16324852490954e+01	3.52242911475868e+01	3.30240435509584e-01	1.00000000000000e+00
4	7	19	16	1.27915442854746e+01	3.41641711331957e+01	3.74414009214633e-01	1.00000000000000e+00
5	8	20	17	1.42216666438048e+01	3.38141978856004e+01	4.20582699962875e-01	1.00000000000000e+00
6	9	21	18	1.59631490096928e+01	3.41159663546751e+01	4.67908452122896e-01	1.00000000000000e+00
7	10	22	19	1.78260387099545e+01	3.50918841691712e+01	5.07981806392003e-01	1.00000000000000e+00
8	11	23	20	1.94741108919103e+01	3.72438695695832e+01	5.22880976573249e-01	1.00000000000000e+00
9	12	24	21	2.07238818145388e+01	4.22389396841583e+01	4.90634518041922e-01	1.00000000000000e+00
10	13	25	22	2.22821620366349e+01	1.41212732624477e+01	1.57791451397582e+00	1.00000000000000e+00
11	14	26	23	2.28053370155914e+01	1.20884205807701e+01	1.88654397513844e+00	1.00000000000000e+00
12	15	27	24	2.25571983556668e+01	9.60773343875536e+00	2.34781683936779e+00	1.00000000000000e+00
13	16	28	25	2.13473800897936e+01	7.90761054096051e+01	2.69959932639786e-01	1.00000000000000e+00
14	17	29	26	1.89719335409852e+01	4.48499259774439e+01	4.23009249792890e-01	1.00000000000000e+00
15	18	30	27	1.68576407257979e+01	2.99240579685941e+01	5.63347415764611e-01	1.00000000000000e+00
16	19	31	28	1.55880014004843e+01	2.33074781979362e+01	6.68798283027660e-01	1.00000000000000e+00
17	20	32	29	1.53297237226310e+01	2.13326573737445e+01	7.18603568887686e-01	1.00000000000000e+00
18	21	33	30	1.60587849621453e+01	2.30667345671011e+01	6.96188050173741e-01	1.00000000000000e+00
19	22	34	31	1.76431860049452e+01	2.94478732878311e+01	5.99132773782888e-01	1.00000000000000e+00
20	23	35	32	1.97885999196582e+01	4.40898746003877e+01	4.48824137038580e-01	1.00000000000000e+00
21	24	36	33	2.21933785145018e+01	7.81390013751338e+01	2.84024342824075e-01	1.00000000000000e+00
22	25	37	34	1.45699890544288e+01	9.51798964127175e+00	1.53078429411718e+00	1.00000000000000e+00
23	26	38	35	1.49575415982029e+01	1.20014856955010e+01	1.24630749706348e+00	1.00000000000000e+00
24	27	39	36	1.50953457598034e+01	1.40663136793908e+01	1.07315577512823e+00	1.00000000000000e+00
25	28	40	37	1.20108940457006e+01	4.26975829593667e+01	2.81301497959049e-01	1.00000000000000e+00
26	29	41	38	1.18776395384215e+01	3.78830533533571e+01	3.13534377169440e-01	1.00000000000000e+00
27	30	42	39	1.14913735723914e+01	3.56327646936652e+01	3.22494582477187e-01	1.00000000000000e+00
28	31	43	40	1.10105421236126e+01	3.44733058450833e+01	3.19393277021124e-01	1.00000000000000e+00
29	32	44	41	1.05370749463283e+01	3.40372397816842e+01	3.09574895435510e-01	1.00000000000000e+00
30	33	45	42	1.01206765922587e+01	3.41623398781147e+01	2.96252441383335e-01	1.00000000000000e+00
31	34	46	43	9.82929356981970e+00	3.50954978417921e+01	2.80072777828353e-01	1.00000000000000e+00
32	35	47	44	9.65791686297580e+00	3.72226205190663e+01	2.59463646790499e-01	1.00000000000000e+00
33	36	48	45	9.61505268768691e+00	4.20592453731009e+01	2.28607351425193e-01	1.00000000000000e+00
1	4	19	16	1.32132890082048e+01	1.13457961636251e+02	1.16459777856462e-01	1.00000000000000e+00
2	5	20	17	1.46669974227296e+01	9.99130669001309e+01	1.46797589922749e-01	1.00000000000000e+00
3	6	21	18	1.62988438990361e+01	9.46442647687207e+01	1.72211638379411e-01	1.00000000000000e+00
4	7	22	19	1.79034990925019e+01	9.41835506852929e+01	1.90091570791646e-01	1.00000000000000e+00
5	8	23	20	1.91881408893734e+01	9.84955866221840e+01	1.94812189534711e-01	1.00000000000000e+00
6	9	24	21	2.00458220942102e+01	1.11744031162418e+02	1.79390540019753e-01	1.00000000000000e+00
7	10	25	22	2.04614964949858e+01	3.42038691610729e+01	5.98221692365518e-01	1.00000000000000e+00
8	11	26	23	2.10594153117919e+01	2.92279802963614e+01	7.20522427422520e-01	1.00000000000000e+00
9	12	27	24	2.18115826217919e+01	2.32497772952543e+01	9.38141572059019e-01	1.00000000000000e+00
10	13	28	25	2.11617027085409e+01	1.68274985706092e+02	1.25756675121647e-01	1.00000000000000e+00
11	14	29	26	2.03036375846809e+01	8.62092128226620e+01	2.35515867966998e-01	1.00000000000000e+00
12	15	30	27	1.89597081217971e+01	5.01012214095188e+01	3.78428061999203e-01	1.00000000000000e+00
13	16	31	28	1.72913094544928e+01	3.26473486696152e+01	5.29639010796175e-01	1.00000000000000e+00
14	17	32	29	1.57890797334074e+01	2.41436446947450e+01	6.53964218453065e-01	1.00000000000000e+00
15	18	33	30	1.48604950981264e+01	2.05853546855171e+01	7.21896480539226e-01	1.00000000000000e+00
16	19	34	31	1.48693327382956e+01	2.05166387656745e+01	7.24745067070770e-01	1.00000000000000e+00
17	20	35	32	1.59909988652623e+01	2.39376586019853e+01	6.68026858062722e-01	1.00000000000000e+00
18	21	36	33	1.82551166209420e+01	3.23227546493194e+01	5.64776016741084e-01	1.00000000000000e+00
19	22	37	34	2.14802218563659e+01	4.97269338652759e+01	4.31963529353363e-01	1.00000000000000e+00
20	23	38	35	2.50716775825260e+01	8.59679213029892e+01	2.91639918733900e-01	1.00000000000000e+00
21	24	39	36	2.85284162238595e+01	1.69121559520174e+02	1.68685863025384e-01	1.00000000000000e+00
22	25	40	37	1.76247546390123e+01	2.32088089711181e+01	7.59399358275783e-01	1.00000000000000e+00
23	26	41	38	1.74123922774440e+01	2.93290750342576e+01	5.93690467807307e-01	1.00000000000000e+00
24	27	42	39	1.69399459542684e+01	3.44649335272944e+01	4.91512509108798e-01	1.00000000000000e+00
25	28	43	40	1.27931518110275e+01	1.13833755469242e+02	1.12384518619209e-01	1.00000000000000e+00
26	29	44	41	1.24427773418223e+01	1.00654254624359e+02	1.23618990456575e-01	1.00000000000000e+00
27	30	45	42	1.19343434240315e+01	9.57546321169031e+01	1.24634632917407e-01	1.00000000000000e+00
28	31	46	43	1.13668767118657e+01	9.54497042376745e+01	1.19087605379705e-01	1.00000000000000e+00
29	32	47	44	1.07826132974781e+01	9.96941014703152e+01	1.08156983597357e-01	1.00000000000000e+00
30	33	48	45	1.02587823256972e+01	1.12219726282439e+02	9.14169252193462e-02	1.00000000000000e+00
1	5	13	9	9.88415447887126e+00	3.87230285219362e+00	2.55252619853119e+00	1.00000000000000e+00
2	6	14	10	9.77498713154891e+00	3.64061722328959e+00	2.68498074145691e+00	1.00000000000000e+00
3	7	15	11	9.69159921627195e+00	3.53164782366168e+00	2.74421451406882e+00	1.00000000000000e+00
4	8	16	12	9.68253694877185e+00	3.47081110216322e+00	2.78970438429712e+00	1.00000000000000e+00
5	9	17	13	9.89052238721449e+00	3.44205633126556e+00	2.87343420192603e+00	1.00000000000000e+00
6	10	18	14	1.03440343647644e+01	3.42131234649882e+00	3.02341128700217e+00	1.00000000000000e+00
7	11	19	15	1.11546265234064e+01	3.42733645082974e+00	3.25460505072560e+00	1.00000000000000e+00
8	12	20	16	1.23625770950880e+01	3.46292416365235e+00	3.56998204720982e+00	1.00000000000000e+00
9	13	21	17	1.37821145865781e+01	3.49808464471752e+00	3.93990311452028e+00	1.00000000000000e+00
10	14	22	18	1.51741739651631e+01	3.55128834647143e+00	4.27286451696895e+00	1.00000000000000e+00
11	15	23	19	1.61004889520232e+01	3.64638888021953e+00	4.41546129085769e+00	1.00000000000000e+00
12	16	24	20	1.60560826497372e+01	3.83257460363843e+00	4.18937250027553e+00	1.00000000000000e+00
13	17	25	21	1.71061173598784e+01	2.26725887465223e+00	7.54484525394228e+00	1.00000000000000e+00
14	18	26	22	1.56753038737958e+01	2.08560619584156e+00	7.51594615754902e+00	1.00000000000000e+00
15	19	27	23	1.41344255770417e+01	1.82832948735325e+00	7.73078686025197e+00	1.00000000000000e+00
16	20	28	24	1.27087501531745e+01	1.48343551475216e+00	8.56710657577713e+00	1.00000000000000e+00
17	21	29	25	1.55748901259339e+01	2.00188378226686e+01	7.78011703971019e-01	1.00000000000000e+00
18	22	30	26	1.51804171301154e+01	1.61726503735176e+01	9.38647456014572e-01	1.00000000000000e+00
19	23	31	27	1.51196441173736e+01	1.60649195219573e+01	9.41159032680388e-01	1.00000000000000e+00
20	24	32	28	1.54145657939449e+01	1.96669423647887e+01	7.83780493583123e-01	1.00000000000000e+00
21	25	33	29	1.04008969693251e+01	1.49152823613530e+00	6.97331550106952e+00	1.00000000000000e+00
22	26	34	30	1.06554151377699e+01	1.83774962151248e+00	5.79807772127327e+00	1.00000000000000e+00
23	27	35	31	1.09494143443548e+01	2.09735194445882e+00	5.22058988396437e+00	1.00000000000000e+00
24	28	36	32	1.12144614996600e+01	2.27598910799768e+00	4.92729137422191e+00	1.00000000000000e+00
25	29	37	33	1.02539127984718e+01	3.85487026848810e+00	2.65998907467602e+00	1.00000000000000e+00
26	30	38	34	1.02522518415146e+01	3.63827673806141e+00	2.81788675783287e+00	1.00000000000000e+00
27	31	39	35	1.02257146042408e+01	3.53510793827083e+00	2.89261736354297e+00	1.00000000000000e+00
28	32	40	36	1.01156192942710e+01	3.47783667989445e+00	2.90859526347223e+00	1.00000000000000e+00
29	33	41	37	9.96352875652492e+00	3.44699468185916e+00	2.89049728128707e+00	1.00000000000000e+00
30	34	42	38	9.86835157122203e+00	3.43962644419379e+00	2.86901840398400e+00	1.00000000000000e+00
31	35	43	39	9.70814768207076e+00	3.42761254216457e+00	2.83233520785870e+00	1.00000000000000e+00
32	36	44	40	9.64170494125159e+00	3.43188246688961e+00	2.80945079975017e+00	1.00000000000000e+00
33	37	45	41	9.70096314190232e+00	3.46578451334439e+00	2.79906702351242e+00	1.00000000000000e+00
34	38	46	42	9.78502015207200e+00	3.52421382840321e+00	2.77651147986827e+00	1.00000000000000e+00
35	39	47	43	9.88846704426018e+00	3.63794376057805e+00	2.71814730931656e+00	1.00000000000000e+00
36	40	48	44	9.97566177714914e+00	3.85946584154767e+00	2.58472601823801e+00	1.00000000000000e+00
1	5	17	13	1.03130175915620e+01	2.05553375004506e+01	5.01719691604961e-01	1.00000000000000e+00
2	6	18	14	1.09879462161760e+01	1.88309439669854e+01	5.83504801216560e-01	1.00000000000000e+00
3	7	19	15	1.19570483587978e+01	1.80525952692289e+01	6.62345118830580e-01	1.00000000000000e+00
4	8	20	16	1.32054083411710e+01	1.77244182243509e+01	7.45040439354369e-01	1.00000000000000e+00
5	9	21	17	1.47230128218328e+01	1.77140427724902e+01	8.31149219346894e-01	1.00000000000000e+00
6	10	22	18	1.64487321108626e+01	1.80342427519828e+01	9.12083325985733e-01	1.00000000000000e+00
7	11	23	19	1.81830478353553e+01	1.87936161097131e+01	9.67511932201157e-01	1.00000000000000e+00
8	12	24	20	1.97235054346043e+01	2.04326891825163e+01	9.65291707734742e-01	1.00000000000000e+00
9	13	25	21	2.17262555210124e+01	9.65624429257980e+00	2.24996953916210e+00	1.00000000000000e+00
10	14	26	22	2.23514231284032e+01	8.66051332648258e+00	2.58084276137026e+00	1.00000000000000e+00
11	15	27	23	2.23338170031942e+01	7.32795955052326e+00	3.04775385961286e+00	1.00000000000000e+00
12	16	28	24	2.13008224161123e+01	5.74786876707987e+00	3.70586443067557e+00	1.00000000000000e+00
13	17	29	25	1.95627171390014e+01	3.25160068558554e+01	6.01633442437246e-01	1.00000000000000e+00
14	18	30	26	1.76017915628381e+01	2.03616703175860e+01	8.64457153479976e-01	1.00000000000000e+00
15	19	31	27	1.61217143877917e+01	1.48549635877691e+01	1.08527458128982e+00	1.00000000000000e+00
16	20	32	28	1.54572203500430e+01	1.26325229776702e+01	1.22360516401718e+00	1.00000000000000e+00
17	21	33	29	1.56535747517210e+01	1.25725919941724e+01	1.24505549523731e+00	1.00000000000000e+00
18	22	34	30	1.66380509909252e+01	1.46758064579327e+01	1.13370607868243e+00	1.00000000000000e+00
19	23	35	31	1.83015845279807e+01	2.00307564258841e+01	9.13674158821636e-01	1.00000000000000e+00
20	24	36	32	2.04913960287685e+01	3.20265664004428e+01	6.39824943222298e-01	1.00000000000000e+00
21	25	37	33	1.41625125653309e+01	5.70422883570409e+00	2.48280932852561e+00	1.00000000000000e+00
22	26	38	34	1.45623395383269e+01	7.27421234032289e+00	2.00191290232262e+00	1.00000000000000e+00
23	27	39	35	1.46726435160779e+01	8.62807554046113e+00	1.70056966321991e+00	1.00000000000000e+00
24	28	40	36	1.45749792119822e+01	9.65126152326658e+00	1.51016311980003e+00	1.00000000000000e+00
25	29	41	37	1.17257804198090e+01	2.06861481130030e+01	5.66842137828376e-01	1.00000000000000e+00
26	30	42	38	1.15057779426220e+01	1.90546049649695e+01	6.03831880208200e-01	1.00000000000000e+00
27	31	43	39	1.11119448329969e+01	1.82309987651044e+01	6.09508287295050e-01	1.00000000000000e+00
28	32	44	40	1.06542600191477e+01	1.78347127299763e+01	5.97388933618212e-01	1.00000000000000e+00
29	33	45	41	1.02442459667645e+01	1.77677162474006e+01	5.76565149067101e-01	1.00000000000000e+00
30	34	46	42	9.92210496875660e+00	1.80235560727914e+01	5.50507620620724e-01	1.00000000000000e+00
31	35	47	43	9.72510386841429e+00	1.87508841933732e+01	5.18647748453978e-01	1.00000000000000e+00
32	36	48	44	9.66886206108328e+00	2.03956510153357e+01	4.74064890295149e-01	1.00000000000000e+00
1	5	21	17	1.52715237909160e+01	7.66496359134914e+01	1.99238047368572e-01	1.00000000000000e+00
2	6	22	18	1.68224603115727e+01	7.12239460251787e+01	2.36191074075364e-01	1.00000000000000e+00
3	7	23	19	1.82297828723277e+01	7.09434028683908e+01	2.56962340897945e-01	1.00000000000000e+00
4	8	24	20	1.93050133539083e+01	7.56943869128227e+01	2.55038902371214e-01	1.00000000000000e+00
5	9	25	21	1.99345907371772e+01	3.21447655237758e+01	6.20150447898979e-01	1.00000000000000e+00
6	10	26	22	2.03372054336241e+01	2.85082043329643e+01	7.13380793686401e-01	1.00000000000000e+00
7	11	27	23	2.08338593647173e+01	2.39264183834991e+01	8.70747097655259e-01	1.00000000000000e+00
8	12	28	24	2.14222011912629e+01	1.86696356929089e+01	1.14743541564657e+00	1.00000000000000e+00
9	13	29	25	1.94269107471251e+01	8.41560257156869e+01	2.30843966096463e-01	1.00000000000000e+00
10	14	30	26	1.85834768143729e+01	4.53461749381900e+01	4.09813547442611e-01	1.00000000000000e+00
11	15	31	27	1.74861370043839e+01	2.71627950267771e+01	6.43753228898059e-01	1.00000000000000e+00
12	16	32	28	1.62517650005330e+01	1.81063859121092e+01	8.97570894568426e-01	1.00000000000000e+00
13	17	33	29	1.51974164614040e+01	1.36149788365369e+01	1.11622769626498e+00	1.00000000000000e+00
14	18	34	30	1.45956726472012e+01	1.17305344350859e+01	1.24424617889068e+00	1.00000000000000e+00
15	19	35	31	1.46317550084461e+01	1.16948299931747e+01	1.25113020172037e+00	1.00000000000000e+00
16	20	36	32	1.55231884340509e+01	1.35121864346545e+01	1.14882876351075e+00	1.00000000000000e+00
17	21	37	33	1.73918578849112e+01	1.79253430285454e+01	9.70238497372990e-01	1.00000000000000e+00
18	22	38	34	2.02300690778027e+01	2.69643983906756e+01	7.50251082360448e-01	1.00000000000000e+00
19	23	39	35	2.37531839573083e+01	4.52391541257764e+01	5.25058092184226e-01	1.00000000000000e+00
20	24	40	36	2.74904750125228e+01	8.43975528818745e+01	3.25725972777900e-01	1.00000000000000e+00
21	25	41	37	1.84073863816429e+01	1.86666186146574e+01	9.86112523196307e-01	1.00000000000000e+00
22	26	42	38	1.80327069668126e+01	2.40443578770570e+01	7.49976649782747e-01	1.00000000000000e+00
23	27	43	39	1.73203232817078e+01	2.87446958926613e+01	6.02557193382234e-01	1.00000000000000e+00
24	28	44	40	1.65556682857710e+01	3.24969275700320e+01	5.09453339860912e-01	1.00000000000000e+00
25	29	45	41	1.26058245619327e+01	7.72734760171454e+01	1.63132619517928e-01	1.00000000000000e+00
26	30	46	42	1.21327389746639e+01	7.20122257034326e+01	1.68481655109926e-01	1.00000000000000e+00
27	31	47	43	1.15917028292804e+01	7.18086255788320e+01	1.61424936570538e-01	1.00000000000000e+00
28	32	48	44	1.10192333349772e+01	7.66611464464821e+01	1.43739480111608e-01	1.00000000000000e+00
1	5	25	21	1.96320012345689e+01	1.21477632924641e+02	1.61610008047718e-01	1.00000000000000e+00
2	6	26	22	1.95320159031214e+01	9.74056161803171e+01	2.00522481855294e-01	1.00000000000000e+00
3	7	27	23	1.94443697318983e+01	7.75447832142652e+01	2.50750197833054e-01	1.00000000000000e+00
4	8	28	24	1.93561113551493e+01	5.88480402962437e+01	3.28916838312879e-01	1.00000000000000e+00
5	9	29	25	1.60026125982065e+01	2.67293887465800e+02	5.98689807310091e-02	1.00000000000000e+00
6	10	30	26	1.47228749274322e+01	1.34569009755945e+02	1.09407618842806e-01	1.00000000000000e+00
7	11	31	27	1.35435544666351e+01	7.27809424701955e+01	1.86086549678596e-01	1.00000000000000e+00
8	12	32	28	1.26681744754741e+01	4.19526470900587e+01	3.01963650786556e-01	1.00000000000000e+00
9	13	33	29	1.21038467355478e+01	2.59326653287479e+01	4.66741331139996e-01	1.00000000000000e+00
10	14	34	30	1.18263130436154e+01	1.75363746230801e+01	6.74387568571354e-01	1.00000000000000e+00
11	15	35	31	1.17674900184983e+01	1.32796873271095e+01	8.86127039638639e-01	1.00000000000000e+00
12	16	36	32	1.18238325285752e+01	1.14679188939502e+01	1.03103559049522e+00	1.00000000000000e+00
13	17	37	33	1.20782834518867e+01	1.14273264509888e+01	1.05696494308531e+00	1.00000000000000e+00
14	18	38	34	1.26647049470162e+01	1.31567073219650e+01	9.62604444796955e-01	1.00000000000000e+00
15	19	39	35	1.38042516976463e+01	1.73436257713313e+01	7.95926519613016e-01	1.00000000000000e+00
16	20	40	36	1.58061250315233e+01	2.56920586265158e+01	6.15214423308626e-01	1.00000000000000e+00
17	21	41	37	1.88553782344410e+01	4.17655497530572e+01	4.51457680933813e-01	1.00000000000000e+00
18	22	42	38	2.29486540619739e+01	7.31138788705741e+01	3.13875483238928e-01	1.00000000000000e+00
19	23	43	39	2.76245757139552e+01	1.36211556403573e+02	2.02806402359195e-01	1.00000000000000e+00
20	24	44	40	3.23298580627219e+01	2.72997679754166e+02	1.18425395013741e-01	1.00000000000000e+00
21	25	45	41	2.03285468537553e+01	5.94658849671122e+01	3.41852254700289e-01	1.00000000000000e+00
22	26	46	42	1.94026874177758e+01	7.81332285094082e+01	2.48328243795013e-01	1.00000000000000e+00
23	27	47	43	1.83319476811519e+01	9.79387703918321e+01	1.87177637699653e-01	1.00000000000000e+00
24	28	48	44	1.73243789893368e+01	1.21772327093757e+02	1.42268604064683e-01	1.00000000000000e+00
0
